90
8
84
27
19
9
35
9
38
32
51
4
51
60
42
65
88
86
41
56
52
23
56
88
7
41
49
34
46
10
62
16
27
26
65
69
30
65
44
99
83
6
54
8
95
70
72
81
90
92
31
36
36
21
91
6
13
13
66
27
48
62
43
11
79
1
12
49
40
35
99
33
15
0
80
23
7
32
14
67
33
0
21
5
17
0
91
71
52
71
67
65
15
23
77
53
69
63
5
55
8
51
16
9
54
32
81
49
68
13
78
67
52
6
46
54
31
99
95
98
65
37
41
12
5
29
37
55
82
46
64
8
36
42
28
49
70
64
9
94
12
1
18
28
40
74
75
7
17
98
40
92
20
77
71
60
45
89
50
97
70
56
49
95
63
23
22
33
84
54
16
42
52
33
17
15
8
43
96
37
81
6
44
16
36
13
15
98
18
86
97
38
36
42
19
92
53
66
42
27
67
84
69
62
28
81
20
0
25
23
5
22
50
54
33
39
17
35
75
9
66
48
0
51
84
12
71
87
38
68
45
45
89
7
85
89
97
87
38
22
94
65
13
20
12
91
14
57
56
84
12
32
40
4
21
47
75
34
9
96
42
29
94
43
50
35
48
74
77
13
43
10
92
24
74
2
83
24
80
86
41
52
18
37
68
5
55
20
17
48
37
31
69
96
25
23
43
84
98
83
41
95
47
79
19
1
2
87
11
54
14
41
23
83
1
67
10
48
51
80
5
98
62
57
19
17
59
79
23
18
71
52
22
68
15
39
86
65
74
50
16
7
80
71
51
53
48
35
42
44
16
59
48
44
5
96
56
48
58
31
67
89
54
75
2
20
66
20
77
98
85
20
58
26
2
35
12
97
12
55
80
62
26
18
41
29
50
34
72
38
56
64
51
85
80
77
23
96
96
26
1
49
21
6
37
44
89
98
87
17
1
21
11
49
21
49
77
27
45
70
55
43
21
58
38
77
97
67
79
23
5
58
57
38
80
65
29
72
0
88
15
36
99
3
37
81
14
92
51
4
70
60
33
42
31
13
68
71
32
92
39
57
46
32
54
69
83
40
58
15
95
48
17
77
54
79
82
99
76
66
64
50
16
13
30
67
4
56
46
93
15
60
80
47
2
88
32
53
17
2
93
7
35
51
80
10
29
44
12
54
47
80
59
87
68
15
58
90
31
88
8
53
8
99
65
5
22
17
82
36
20
1
84
71
14
93
21
41
85
70
28
10
3
81
5
88
42
88
22
28
57
13
29
37
96
33
37
54
60
40
93
33
94
33
32
8
90
53
76
39
62
62
18
8
73
82
26
69
46
95
84
49
68
6
26
58
83
95
50
30
26
20
76
75
24
92
85
45
99
88
27
64
3
34
18
60
44
11
9
6
79
31
69
88
94
72
62
64
24
55
58
29
11
38
12
56
66
75
76
15
15
46
45
56
26
48
44
21
20
60
26
59
2
47
25
37
34
34
5
35
61
99
7
24
84
30
0
38
36
91
87
13
0
6
20
95
29
19
36
3
30
88
78
28
71
12
13
33
73
69
17
91
52
98
80
99
95
56
5
74
25
31
95
67
93
93
60
73
9
91
19
50
69
32
96
76
14
83
7
99
22
65
67
96
22
0
29
52
55
71
70
16
67
3
17
34
47
63
30
74
50
16
71
11
61
79
22
69
23
73
29
27
21
86
22
13
62
57
85
14
37
31
68
64
24
59
55
73
89
11
50
73
75
58
17
22
90
30
93
85
69
92
41
26
62
95
44
16
82
17
46
34
86
58
30
78
80
7
71
37
95
22
99
0
78
14
21
82
5
89
15
46
49
22
68
71
30
52
89
39
84
57
31
78
47
10
61
46
13
4
39
33
37
16
58
5
17
78
12
51
49
83
68
66
55
54
31
43
36
63
6
44
13
76
76
98
19
56
64
64
49
28
85
73
28
92
74
10
77
60
4
37
54
61
75
22
15
44
8
73
20
86
66
25
13
90
93
16
27
27
24
55
9
49
71
70
58
39
72
45
1
75
47
93
17
39
93
98
68
97
21
70
35
66
70
75
27
31
66
83
90
64
97
37
53
66
79
91
26
13
47
71
99
35
35
15
37
92
5
90
8
15
73
29
7
14
30
42
13
91
67
28
47
23
90
84
97
35
71
41
89
57
48
8
5
80
74
98
42
73
64
86
93
32
79
26
31
67
57
46
69
78
56
65
21
95
71
18
16
88
45
15
41
20
90
28
32
91
18
94
60
62
97
10
56
43
5
66
84
85
